min_lon: -4.79542
max_lon: 9.55996
min_lat: 41.36484
max_lat: 51.089